100
-12.281479440060622 15.308553963159643
18.790662631269978 -14.597911582431378
13.746654908825812 5.1956640161425485
47.75613892241257 9.747724423076592
30.713112438734306 20.239134394064873
14.948431869609196 -13.414150253516826
-17.83424944816333 13.476309932672415
46.33876704925446 -2.3690723301835304
-49.55210312800664 -23.103647103067647
9.041996581815493 49.57914286304839
-31.04843555227474 7.13118335695197
28.989181485506936 -21.648643837785563
-29.523588219618595 1.514188188866472
-0.5099672966886237 15.85280568411343
34.592151508767394 -24.613541142307827
-27.863819394734286 40.86314922689241
19.084511108412215 13.33641644553129
-1.2591593234101084 -7.766394936136095
-34.04335974536472 -38.808822856678546
22.399492015840135 10.478522421376656
34.204194175742266 11.931564620468322
-7.095565587626396 37.155529774477145
-42.74890401693109 -1.671190370010056
4.982632371046175 -16.70246341287371
26.621480208188558 -1.4374962485074194
38.88188302974561 16.982272870217706
16.19492918853938 41.39912288979294
-28.84510342787153 23.826058578697612
15.578441068923727 7.088845687544082
28.421616779834984 -42.44627714829439
-12.353874417922917 -37.15008048325769
13.186584969035353 -25.354453933327825
8.030637602988334 -35.57620373030406
-24.069725228744915 -43.38499086087637
3.0080073272864825 46.2942223026537
30.52350005473448 -28.92659584209908
32.333954245802 0.44437226155936704
-41.069848836298085 -32.96293179932611
-11.049546475662925 9.207198512592718
-1.2645224280183887 0.02402764869441354
10.40798486558181 37.52968386297653
-31.61808505111167 -27.65001537105366
48.75732780086092 6.601992450127647
-20.51263692358432 39.468761215421885
-43.37598809359039 -35.436379287545336
-49.65333653667183 13.488951069896599
-32.05003775527476 44.39983797701187
42.09376591850858 -19.710193946481635
-35.681405809220166 -6.052049881639753
-35.374218175028204 33.6517010070321
-45.71601648831731 -41.140185574577906
44.8119562369785 4.901107429539142
32.680939191978425 -20.10214011183357
-44.48252098546342 -22.285000129892175
34.61961133143766 42.9297421406804
-5.931130606844542 -29.762710070172737
-46.71419016348261 -32.743518764638566
-47.153251957117995 -9.644935521378823
-45.884105545168445 40.930567724897166
-6.883400315231064 -12.238755384162841
46.64986635682099 -24.197104290532828
21.731221855893534 23.52059632777901
-47.05119513358358 16.38723851521385
46.20394018079305 24.93871843875854
35.908544025342934 30.419559565969674
-18.15420522002102 -11.946777551573184
45.21704688125022 -38.19306676296674
-34.6924277052638 0.37003230556667543
-43.96200043927901 38.814042289792916
-16.102656525545978 -12.20575149271138
-32.144897007010485 37.99538695926922
47.80104454164854 -44.95939085805693
-6.309104221790801 23.980026287748778
-2.8759963053046844 41.11809901524728
30.354231785315505 37.83990714533493
10.249033946070313 36.86311232574745
-7.928266977211729 -48.50218068657832
45.99545269275913 -31.622606972323837
15.186518470144012 -5.354115298413764
37.86383321224886 32.56656546771626
-15.206459564240232 3.7783065851615225
-35.53346621380044 40.645223221342576
-37.84750328531199 -11.4697530867987
11.648757619283412 7.272657992909176
21.344794876730365 -15.886347986519128
21.16966564963038 -3.2570800326587213
-24.426072383353976 15.684358111490537
-9.07725265654583 -4.079389834947811
30.24066260344771 -41.49045426640164
18.97339224645011 -8.12157061811163
-25.889671675156727 -3.861851165191721
17.61370595751651 -16.946462713269632
3.8464379460033005 -28.786112432387817
-12.912794996226983 19.230500758603508
-44.0562970787451 3.5722053890031304
-5.460821550266015 -32.450961999348536
48.00474455092708 18.48433688003474
-26.0904966160104 18.929293551513528
8.543033208007495 -1.9701649167982782
24.53356201251813 5.332088163725129