30
1.926316316084542 -27.42421977312011
-18.476243844637413 31.51801057766678
8.7012972354772 -26.272487652867543
43.452889733782044 46.6682352096626
23.55438628023124 2.060597378962159
-19.364747309425017 10.153850505044282
28.763189563900127 23.02043649169157
-5.759791197615094 -21.21049143269528
30.540413328736747 -30.36604165996434
43.17039629930194 -38.43587186569795
47.409957673709854 10.58120604061063
8.135244057548164 13.169010675301617
-15.712527674661391 17.8688266884086
-23.339021268174413 -11.800723550777764
28.842320068864947 39.92606427535083
-20.721492050972056 1.4294558770409305
-39.31635354826509 -12.709362231955662
-17.90747759128267 -35.77651654195964
15.278004186419302 2.353408372479665
30.809334327362674 -40.77476677108136
-5.536305475254438 34.90807680361033
-7.753467801035441 -11.744843605734328
29.742578594478815 -17.057433551024143
32.982470984404216 -46.57296206394639
22.805954252407034 3.4848612122537315
-9.884420202308824 -1.8043692671502631
25.149348368277284 29.048356640455737
-46.80091783582835 -21.066512080979777
22.907451817231234 36.43008118191003
30.76542796502906 -47.73597627943615